X,Y,Tangent X,Tangent Y,Fixed Theta,Name
150.16509394784416,-75.53570905437985,23.796044589547222,6.345611890545911,true,
179.51354894161906,-66.81049270487922,19.583552661683797,2.786576230457918,false,
208.862003935394,-66.81049270487922,19.830037157955985,-5.552410404227672,true,
241.38326487444178,-99.33175364392706,15.070828240046524,-26.175649048501924,true,
277.8705332450808,-154.06265619988565,13.484425267410245,-26.175649048501953,true,
294.5277644577639,-181.03150673470583,4.101637552840323,-16.69641680210934,false,
295.32096594408205,-202.4479468652983,-5.930114107825756,-12.372869811869275,false,
269.1453168955802,-212.75956618743544,-14.277626753728327,7.932014863182417,true,
248.522078251306,-192.13632754316117,-9.518417835818923,20.623238644274238,true,
234.24445149757764,-159.6150666041134,-3.9660074315912084,19.83003715795607,true,
217.58722028489456,-154.06265619988565,-10.370595130855788,1.1759646830996886,false,
203.30959353116629,-154.85585768620385,-22.209641616910773,7.138813376864164,true,
177.9271459689826,-143.75103687774853,-18.243634185319536,27.762052021138416,true,
165.2359221878907,-119.95499228820132,-5.552410404227686,13.484425267410074,true,
158.89031029734477,-106.47056702079124,-6.6515854301252055,7.350086003417293,false,
144.6126835436165,-98.53855215760883,-11.45882871693376,3.7820588340687693,false,
123.98944489934223,-96.95214918497234,-0.7932014863182388,0.0,true,
